81844092
82645739
347778813
39472243
240624439
191085626
245434042
576550726
226631830
120117254
116559835
432054563
228774722
110711910
3072008153
192341330
244026999
430714461
386170620
393461982
190987689
87471023
197897890
84546428
20586381
77986665
385326089
150981180
234688647
144942878
63680662
94069743
67268150
237794265
104578228
21811630
95884790
215411682
430934081
43008551
90059455
153563285
229015331
327481914
135514272
109986944
236487406
22983594
19594736
19530527
417312511
111338251
127331013
2476878848
23781227
245320407
2791733978
38000023
228769095
78019662
21518722
258136924
243177419
77184360
361335767
231942475
135877820
77995220
36806703
236912210
110670932
116547221
233555616
233919401
19964133
90364806
219454029
77989626
75995713
234825661
229466877
18016160
519212054
3190260429
137363410
148872468
92521829
121375039
249347954
241298933
346630615
103817716
238158030
2805902511
242373942
2776653327
246966794
114007914
242791873
248801998
116422140
172749267
168669206
98420900
1104684048
227338733
496338650
19735329
29163101
492632023
1570159428
70205816
122713304
456156740
242804165
270850017
327886319
48667895
68690605
237487471
244156314
577034468
88647325
236377912
237376611
115924018
330904433
78026748
76951150
2529641024
237788848
2797788759
1097860584
246820781
74979783
516729176
228770219
1280360186
304321790
316306021
236015752
239444226
118999126
21117425
22628924
25310399
237826875
6751502
253184868
249719099
234077156
29466305
80267704
2791515085
211231464
78021401
